start;end;duration;jobs;njobs;days;ndays
251065761198;251065775463;14265;9;1;1;1
251065775463;251065878589;103126;9;1;1;1
251065878589;251065878765;176;9;1;1;1
251065878765;251065888623;9858;9;1;1;1
251065888623;251065891686;3063;9;1;1;1
251065891686;251065902877;11191;9;1;1;1
251065902877;251065905546;2669;9;1;1;1
251065905546;251065938687;33141;9;1;1;1
251065938687;251065940801;2114;9;1;1;1
251065940801;251065950135;9334;9;1;1;1
251065950135;251065959931;9796;9;1;1;1
251065959931;251065962103;2172;9;1;1;1
251065962103;251065971176;9073;9;1;1;1
251065971176;251066001701;30525;9;1;1;1
251066001701;251066016968;15267;9;1;1;1
251066016968;251066025772;8804;9;1;1;1
251066025772;251066045475;19703;9;1;1;1
251066045475;251066055486;10011;9;1;1;1
251066055486;251066064614;9128;9;1;1;1
251066064614;251066077318;12704;9;1;1;1
251066077318;251066092651;15333;9;1;1;1
251066092651;251066137924;45273;9;1;1;1
251066137924;251066152599;14675;9;1;1;1
251066152599;251066152732;133;9;1;1;1
251066152732;251066161827;9095;9;1;1;1
251066161827;251066169168;7341;9;1;1;1
251066169168;251066177948;8780;9;1;1;1
251066177948;251066187942;9994;9;1;1;1
251066187942;251066200003;12061;9;1;1;1
251066200003;251066201243;1240;9;1;1;1
251066201243;251066202020;777;9;1;1;1
251066202020;251066202320;300;9;1;1;1
251066202320;251066209149;6829;9;1;1;1
251066209149;251066211724;2575;9;1;1;1
251066211724;251066217910;6186;9;1;1;1
251066217910;251066221613;3703;9;1;1;1
251066221613;251066222616;1003;9;1;1;1
251066222616;251066224456;1840;9;1;1;1
251066224456;251066229664;5208;9;1;1;1
251066229664;251066249153;19489;9;1;1;1
251066249153;251066253892;4739;9;1;1;1
251066253892;251066269861;15969;9;1;1;1
251066269861;251066278624;8763;9;1;1;1
251066278624;251066295489;16865;9;1;1;1
251066295489;251066305159;9670;9;1;1;1
251066305159;251066314656;9497;9;1;1;1
251066314656;251066336851;22195;9;1;1;1
251066336851;251066346190;9339;9;1;1;1
251066346190;251066354944;8754;9;1;1;1
251066354944;251066395408;40464;9;1;1;1
251066395408;251066406720;11312;9;1;1;1
251066406720;251066410562;3842;9;1;1;1
251066410562;251066420066;9504;9;1;1;1
251066420066;251066422831;2765;9;1;1;1
251066422831;251066473065;50234;9;1;1;1
251066473065;251066488374;15309;9;1;1;1
251066488374;251066492061;3687;9;1;1;1
251066492061;251066523032;30971;9;1;1;1
251066523032;251066529933;6901;9;1;1;1
251066529933;251066535458;5525;9;1;1;1
251066535458;251066539785;4327;9;1;1;1
251066539785;251066581615;41830;9;1;1;1
251066581615;251066581646;31;9;1;1;1
251066581646;251066589610;7964;9;1;1;1
251066589610;251066592676;3066;9;1;1;1
251066592676;251066611302;18626;9;1;1;1
251066611302;251066619964;8662;9;1;1;1
251066619964;251066633792;13828;9;1;1;1
251066633792;251066643218;9426;9;1;1;1
251066643218;251066652306;9088;9;1;1;1
251066652306;251066667582;15276;9;1;1;1
251066667582;251066682596;15014;9;1;1;1
251066682596;251066692229;9633;9;1;1;1
251066692229;251066701786;9557;9;1;1;1
251066701786;251066727435;25649;9;1;1;1
251066727435;251066734785;7350;9;1;1;1
251066734785;251066745296;10511;9;1;1;1
251066745296;251066770207;24911;9;1;1;1
251066770207;251066775056;4849;9;1;1;1
251066775056;251066783557;8501;9;1;1;1
251066783557;251066784263;706;9;1;1;1
251066784263;251066785778;1515;9;1;1;1
251066785778;251066785886;108;9;1;1;1
251066785886;251066788329;2443;9;1;1;1
251066788329;251066789217;888;9;1;1;1
251066789217;251066799342;10125;9;1;1;1
251066799342;251066801468;2126;9;1;1;1
251066801468;251066801890;422;9;1;1;1
251066801890;251066807887;5997;9;1;1;1
251066807887;251066809377;1490;9;1;1;1
251066809377;251066810897;1520;9;1;1;1
251066810897;251066820674;9777;9;1;1;1
251066820674;251066856486;35812;9;1;1;1
251066856486;251066872304;15818;9;1;1;1
251066872304;251066882359;10055;9;1;1;1
251066882359;251066898781;16422;9;1;1;1
251066898781;251066909271;10490;9;1;1;1
251066909271;251066925830;16559;9;1;1;1
251066925830;251066935426;9596;9;1;1;1
251066935426;251066938177;2751;9;1;1;1
251066938177;251066947549;9372;9;1;1;1
251066947549;251066956123;8574;9;1;1;1
251066956123;251066975199;19076;9;1;1;1
251066975199;251066979259;4060;9;1;1;1
251066979259;251066984327;5068;9;1;1;1
251066984327;251066990704;6377;9;1;1;1
251066990704;251066991405;701;9;1;1;1
251066991405;251066999047;7642;9;1;1;1
251066999047;251067003755;4708;9;1;1;1
251067003755;251067007180;3425;9;1;1;1
251067007180;251067012361;5181;9;1;1;1
251067012361;251067018017;5656;9;1;1;1
251067018017;251067028377;10360;9;1;1;1
251067028377;251067075642;47265;9;1;1;1
251067075642;251067091210;15568;9;1;1;1
251067091210;251067102524;11314;9;1;1;1
251067102524;251067170839;68315;9;1;1;1
251067170839;251067178343;7504;9;1;1;1
251067178343;251067198294;19951;9;1;1;1
251067198294;251067209638;11344;9;1;1;1
251067209638;251067213255;3617;9;1;1;1
251067213255;251067225276;12021;9;1;1;1
251067225276;251067237355;12079;9;1;1;1
251067237355;251067255691;18336;9;1;1;1
251067255691;251067263972;8281;9;1;1;1
251067263972;251067265393;1421;9;1;1;1
251067265393;251067274215;8822;9;1;1;1
251067274215;251067282871;8656;9;1;1;1
251067282871;251067303849;20978;9;1;1;1
251067303849;251067324122;20273;9;1;1;1
251067324122;251067335498;11376;9;1;1;1
251067335498;251067375495;39997;9;1;1;1
251067375495;251067386733;11238;9;1;1;1
251067386733;251067391573;4840;9;1;1;1
251067391573;251067402918;11345;9;1;1;1
251067402918;251067403359;441;9;1;1;1
251067403359;251067412667;9308;9;1;1;1
251067412667;251067420554;7887;9;1;1;1
251067420554;251067437230;16676;9;1;1;1
251067437230;251067447276;10046;9;1;1;1
251067447276;251067469967;22691;9;1;1;1
251067469967;251067482444;12477;9;1;1;1
251067482444;251067491041;8597;9;1;1;1
251067491041;251067556827;65786;9;1;1;1
251067556827;251067572885;16058;9;1;1;1
251067572885;251067583244;10359;9;1;1;1
251067583244;251067628927;45683;9;1;1;1
251067628927;251067630745;1818;9;1;1;1
251067630745;251067638937;8192;9;1;1;1
251067638937;251067658099;19162;9;1;1;1
251067658099;251067666083;7984;9;1;1;1
251067666083;251067668450;2367;9;1;1;1
251067668450;251067677451;9001;9;1;1;1
251067677451;251067680879;3428;9;1;1;1
251067680879;251067709484;28605;9;1;1;1
251067709484;251067715827;6343;9;1;1;1
251067715827;251067719332;3505;9;1;1;1
251067719332;251067721435;2103;9;1;1;1
251067721435;251067732224;10789;9;1;1;1
251067732224;251067732639;415;9;1;1;1
251067732639;251082094532;14361893;9;1;1;1
251082094532;251082096896;2364;9;1;1;1
251082096896;251082097038;142;9;1;1;1
251082097038;251082097081;43;9;1;1;1
251082097081;251082097116;35;9;1;1;1
251082097116;251082097578;462;9;1;1;1
251082097578;251082097747;169;9;1;1;1
251082097747;251082097754;7;9;1;1;1
251082097754;251082097999;245;9;1;1;1
251082097999;251082098067;68;9;1;1;1
251082098067;251082098299;232;9;1;1;1
251082098299;251082098547;248;9;1;1;1
251082098547;251082098784;237;9;1;1;1
251082098784;251082098839;55;9;1;1;1
251082098839;251082098885;46;9;1;1;1
251082098885;251082099422;537;9;1;1;1
251082099422;251082099762;340;9;1;1;1
251082099762;251082099821;59;9;1;1;1
251082099821;251082100210;389;9;1;1;1
251082100210;251082100560;350;9;1;1;1
251082100560;251082100666;106;9;1;1;1
251082100666;251082100848;182;9;1;1;1
251082100848;251082100994;146;9;1;1;1
251082100994;251082101085;91;9;1;1;1
251082101085;251082101183;98;9;1;1;1
251082101183;251082101449;266;9;1;1;1
251082101449;251082101754;305;9;1;1;1
251082101754;251082101784;30;9;1;1;1
251082101784;251082101944;160;9;1;1;1
251082101944;251082102000;56;9;1;1;1
251082102000;251082102271;271;9;1;1;1
251082102271;251082102440;169;9;1;1;1
251082102440;251082102766;326;9;1;1;1
251082102766;251082102806;40;9;1;1;1
251082102806;251082103060;254;9;1;1;1
251082103060;251082103074;14;9;1;1;1
251082103074;251082104529;1455;9;1;1;1
251082104529;251082104687;158;9;1;1;1
251082104687;251082104983;296;9;1;1;1
251082104983;251082105049;66;9;1;1;1
251082105049;251082105121;72;9;1;1;1
251082105121;251082105524;403;9;1;1;1
251082105524;251082105999;475;9;1;1;1
251082105999;251082106109;110;9;1;1;1
251082106109;251082106328;219;9;1;1;1
251082106328;251082106449;121;9;1;1;1
251082106449;251082107928;1479;9;1;1;1
251082107928;251082108011;83;9;1;1;1
251082108011;251082109281;1270;9;1;1;1
251082109281;251082112628;3347;9;1;1;1
251082112628;251082123434;10806;9;1;1;1
251082123434;251082127004;3570;9;1;1;1
251082127004;251082155932;28928;9;1;1;1
251082155932;251082164305;8373;9;1;1;1
251082164305;251082224248;59943;9;1;1;1
251082224248;251082225021;773;9;1;1;1
251082225021;251082225515;494;9;1;1;1
251082225515;251082225537;22;9;1;1;1
251082225537;251082225562;25;9;1;1;1
251082225562;251082225869;307;9;1;1;1
251082225869;251082225871;2;9;1;1;1
251082225871;251082225873;2;9;1;1;1
251082225873;251082225911;38;9;1;1;1
251082225911;251082225934;23;9;1;1;1
251082225934;251082226002;68;9;1;1;1
251082226002;251082226066;64;9;1;1;1
251082226066;251082226077;11;9;1;1;1
251082226077;251082226093;16;9;1;1;1
251082226093;251082226105;12;9;1;1;1
251082226105;251082226156;51;9;1;1;1
251082226156;251082226162;6;9;1;1;1
251082226162;251082226299;137;9;1;1;1
251082226299;251082226327;28;9;1;1;1
251082226327;251082226554;227;9;1;1;1
251082226554;251082226581;27;9;1;1;1
251082226581;251082226594;13;9;1;1;1
251082226594;251082226648;54;9;1;1;1
251082226648;251082226696;48;9;1;1;1
251082226696;251082226957;261;9;1;1;1
251082226957;251082227026;69;9;1;1;1
251082227026;251082227375;349;9;1;1;1
251082227375;251082227454;79;9;1;1;1
251082227454;251082227652;198;9;1;1;1
251082227652;251082228226;574;9;1;1;1
251082228226;251082228267;41;9;1;1;1
251082228267;251082228401;134;9;1;1;1
251082228401;251082228946;545;9;1;1;1
251082228946;251082229074;128;9;1;1;1
251082229074;251082229083;9;9;1;1;1
251082229083;251082229434;351;9;1;1;1
251082229434;251082229507;73;9;1;1;1
251082229507;251082229561;54;9;1;1;1
251082229561;251082229609;48;9;1;1;1
251082229609;251082229629;20;9;1;1;1
251082229629;251082229967;338;9;1;1;1
251082229967;251082230294;327;9;1;1;1
251082230294;251082230316;22;9;1;1;1
251082230316;251082234108;3792;9;1;1;1
251082234108;251082236199;2091;9;1;1;1
251082236199;251082236242;43;9;1;1;1
251082236242;251082236271;29;9;1;1;1
251082236271;251082236284;13;9;1;1;1
251082236284;251082236366;82;9;1;1;1
251082236366;251082236476;110;9;1;1;1
251082236476;251082295452;58976;9;1;1;1
251082295452;251082295582;130;9;1;1;1
251082295582;251082295593;11;9;1;1;1
251082295593;252169267789;1086972196;9;1;1;1
252169267789;252169294162;26373;9;1;1;1
252169294162;252169313952;19790;9;1;1;1
252169313952;252169314817;865;9;1;1;1
252169314817;252169341038;26221;9;1;1;1
252169341038;252169354193;13155;9;1;1;1
252169354193;252169381314;27121;9;1;1;1
252169381314;252169404966;23652;9;1;1;1
252169404966;252169407307;2341;9;1;1;1
252169407307;252169455777;48470;9;1;1;1
252169455777;252169458165;2388;9;1;1;1
252169458165;252169514468;56303;9;1;1;1
252169514468;252169533399;18931;9;1;1;1
252169533399;252169634929;101530;9;1;1;1
252169634929;252169644051;9122;9;1;1;1
252169644051;252169669078;25027;9;1;1;1
252169669078;252169698220;29142;9;1;1;1
252169698220;252169719192;20972;9;1;1;1
252169719192;252169732150;12958;9;1;1;1
252169732150;252169743701;11551;9;1;1;1
252169743701;252169745022;1321;9;1;1;1
252169745022;252169756702;11680;9;1;1;1
252169756702;252169758616;1914;9;1;1;1
252169758616;252169769262;10646;9;1;1;1
252169769262;252169778339;9077;9;1;1;1
252169778339;252169784992;6653;9;1;1;1
252169784992;252169822822;37830;9;1;1;1
252169822822;252169850242;27420;9;1;1;1
252169850242;252169877104;26862;9;1;1;1
252169877104;252169904670;27566;9;1;1;1
252169904670;252169960287;55617;9;1;1;1
252169960287;252169963271;2984;9;1;1;1
252169963271;252169970734;7463;9;1;1;1
252169970734;252169972124;1390;9;1;1;1
252169972124;252169984761;12637;9;1;1;1
252169984761;252170022061;37300;9;1;1;1
252170022061;252170033361;11300;9;1;1;1
252170033361;252170054687;21326;9;1;1;1
252170054687;252170095313;40626;9;1;1;1
252170095313;252170097684;2371;9;1;1;1
252170097684;252170115822;18138;9;1;1;1
252170115822;252170119444;3622;9;1;1;1
252170119444;252170145666;26222;9;1;1;1
252170145666;252170149234;3568;9;1;1;1
252170149234;252170175111;25877;9;1;1;1
252170175111;252170185895;10784;9;1;1;1
252170185895;252170197145;11250;9;1;1;1
252170197145;252170197180;35;9;1;1;1
252170197180;252170197444;264;9;1;1;1
252170197444;252170224101;26657;9;1;1;1
252170224101;252170224412;311;9;1;1;1
252170224412;252170228487;4075;9;1;1;1
252170228487;252170235951;7464;9;1;1;1
252170235951;252170265302;29351;9;1;1;1
252170265302;252170324000;58698;9;1;1;1
252170324000;252170349075;25075;9;1;1;1
252170349075;252170356839;7764;9;1;1;1
252170356839;252170368115;11276;9;1;1;1
252170368115;252170381258;13143;9;1;1;1
252170381258;252170389925;8667;9;1;1;1
252170389925;252170410820;20895;9;1;1;1
252170410820;252170437391;26571;9;1;1;1
252170437391;252170465464;28073;9;1;1;1
252170465464;252170472620;7156;9;1;1;1
252170472620;252170494513;21893;9;1;1;1
252170494513;252170537061;42548;9;1;1;1
252170537061;252170555645;18584;9;1;1;1
252170555645;252170579962;24317;9;1;1;1
252170579962;252170592428;12466;9;1;1;1
252170592428;252170599231;6803;9;1;1;1
252170599231;252170601411;2180;9;1;1;1
252170601411;252170602761;1350;9;1;1;1
252170602761;252170613920;11159;9;1;1;1
252170613920;252170625564;11644;9;1;1;1
252170625564;252170626623;1059;9;1;1;1
252170626623;252170628382;1759;9;1;1;1
252170628382;252170634020;5638;9;1;1;1
252170634020;252170641036;7016;9;1;1;1
252170641036;252170656871;15835;9;1;1;1
252170656871;252170657760;889;9;1;1;1
252170657760;252170677298;19538;9;1;1;1
252170677298;252170683262;5964;9;1;1;1
252170683262;252170685559;2297;9;1;1;1
252170685559;252170721139;35580;9;1;1;1
252170721139;252170774323;53184;9;1;1;1
252170774323;252170808510;34187;9;1;1;1
252170808510;252170850869;42359;9;1;1;1
252170850869;252170871262;20393;9;1;1;1
252170871262;252170894134;22872;9;1;1;1
252170894134;252170902776;8642;9;1;1;1
252170902776;252170913168;10392;9;1;1;1
252170913168;252170920389;7221;9;1;1;1
252170920389;252170932980;12591;9;1;1;1
252170932980;252170946988;14008;9;1;1;1
252170946988;252170947024;36;9;1;1;1
252170947024;252170956183;9159;9;1;1;1
252170956183;252170956419;236;9;1;1;1
252170956419;252171003725;47306;9;1;1;1
252171003725;252171007193;3468;9;1;1;1
252171007193;252171017660;10467;9;1;1;1
252171017660;252171019660;2000;9;1;1;1
252171019660;252171024650;4990;9;1;1;1
252171024650;252171047110;22460;9;1;1;1
252171047110;252171055728;8618;9;1;1;1
252171055728;252171056169;441;9;1;1;1
252171056169;252171072520;16351;9;1;1;1
252171072520;252171091190;18670;9;1;1;1
252171091190;252171115968;24778;9;1;1;1
252171115968;252236693634;65577666;9;1;1;1
